Clef: Treble
Signature: Bb,Eb,Ab,Db

Clef: Bass
Signature: Bb,Eb,Ab,Db

Clef: Bass
Signature: Bb,Eb,Ab,Db

Tempo is 85


Note Durations Treble1: 1,1,1,1,1,1,1,2,8,8,8,8,2,8,8,8,8,2,8,8,8,16,16,1,2,8,8,8,8,8,8,13,8,8,8,2,8,8,8,16,16,1,2,8,8,8,8,8,8,13,8,8,8,2,8,8,8,8,1,2,8,8,8,8,4,8,8,8,8,8,8,2,8,8,8,16,16,2,8,8,8,8,13,8,8,8,8,8,8,8,8,8,8,8,8,8,4,8,8,8,8,8,8,13,8,16,14,8,16,16,13,8,8,8,8,8,8,8,8,8,8,8,8,8,4,8,8,8,8,8,8,13,8,16,14,8,16,16,13,8,8,8,8,8,8,8,8,8,4,8,8,12,4,1,2,8,8,8,8,8,8,13,8,8,8,13,8,8,8,8,16,16,1,2,8,8,8,8,8,8,13,8,8,8,2,8,8,8,8,12,8,8,2,8,8,8,8,8,8,13,8,8,8,8,8,13,8,8,8,1,13,8,8,8,8,8,8,8,13,8,8,8,8,8,13,8,8,8,2,8,8,8,8,13,8,8,8,8,8,8,8,8,8,8,8,8,8,4,8,8,8,8,8,8,13,8,16,14,8,16,16,13,8,8,8,8,8,8,8,8,8,8,8,8,8,4,8,8,8,8,8,8,13,8,16,14,8,16,16,13,8,8,8,8,8,8,8,8,8,4,8,8,12,4,1,2,8,8,8,8,8,8,8,8,8,8,8,8,8,8,8,8,8,8,8,8,8,8,8,8,8,8,8,8,8,8,8,8,8,8,8,8,8,8,8,8,8,8,8,8,8,8,8,8,8,8,8,8,8,8,8,8,8,8,8,8,4,8,8,8,8,8,8,8,8,8,8,8,8,8,8,4,8,8,8,8,8,8,13,8,16,14,8,16,16,13,8,8,8,8,8,8,8,8,8,8,8,8,8,4,8,8,8,8,8,8,13,8,16,14,8,16,16,13,8,8,8,8,8,8,8,8,8,4,8,8,12,4,1,12,8,8,12,4,1,2,32,14,32,4,1,

Note Positions Treble1: -4
,-3,-3^,-1^,-3^,-1^
,-3,-1,-4,-3,-3^,1^,-3^,1^
,-3,1,-3,-3,-3,-6^,-4^,-6^,-4^,-6^,-4^
,-6,-4,-4,-3,-1^,-1,-6^,-4^,-6,-4,-4
,-3,-3^,1^,-3^,1^
,-3,1,-3,-3,-3,-6^,-4^,-6^,-4^,-6^,-4^
,-6,-4,-4,-3,-1^,-1,-3^,1^,-3,1,-4
,-4,-3^,1^,-3^,1^
,-3,1,-4,-4,-4^,1^,-4^,1^,-4^,1^
,-4,1,-4,-3,-3^,-1^,-3,-1,-1,-1^,-1,-4^,-4,-3^,1^,-3^,1^
,-3,1,-4,-4,0,1,-4^,0^
,-4,0,-4,1,0^,0
,-1,1
,0,2,-1,1,-2,0,-3,-1,-3,-1,-3,-1,-3,0,-3^,0^,-3,0,-3,-1,-3,-1,-4^,-1^,3^,-4,-1,3,-3,1,-3,-1,-3,-1,-3^,1^,-3,1,-4^,1^,-4,1
,-1
,1,0^,0,1,0^,0
,-1,1
,0,2,-1,1,-2,0,-3,-1,-3,-1,-3,-1,-3,0,-3^,0^,-3,0,-3,-1,-3,-1,-4^,-1^,3^,-4,-1,3,-3,1,-3,-1,-3,-1,-3^,1^,-3,1,-4^,1^,-4,1
,-1
,1,0^,0,1,0^,0
,-1,1
,0,2,-1,1,-2,0,-3,-1,-3,-1,-3,-1,-3,0,-3^,0^,-3,0,-1,-3^,0^,-3,0
,-4^,-1^
,-4,-1
,-4
,-3,-1^,-1,-6^,-4^,-6,-4,-4
,-3,-3^,-1^,-3,-1
,-3^,1^
,-3,1,-3^,-3,-3,-6^,-4^,-6^,-4^,-6^,-4^
,-6,-4,-4,-3,-1^,-1,-6^,-4^,-6,-4,-4
,-3,-3^,1^,-3^,1^
,-3,1,-4,-4,-4^,1^,-4^,1^
,-4,1,-4^,1^,-4^,1^
,-4,1,1,0,0^,0,-3^,-1^,-3,-1,1
,0,0^,0,-3^,-1^,-3,-1,-4
,-4,-4^,1^,-4^,1^
,-4,1
,1
,2,1,0,0^,0,-3^,-1^,-3,-1,1
,0,0^,0,-3^,-1^,-3,-1,-1
,0,-4^,0^,-4^,0^
,-4,0,-4,1,0^,0
,-1,1
,0,2,-1,1,-2,0,-3,-1,-3,-1,-3,-1,-3,0,-3^,0^,-3,0,-3,-1,-3,-1,-4^,-1^,3^,-4,-1,3,-3,1,-3,-1,-3,-1,-3^,1^,-3,1,-4^,1^,-4,1
,-1
,1,0^,0,1,0^,0
,-1,1
,0,2,-1,1,-2,0,-3,-1,-3,-1,-3,-1,-3,0,-3^,0^,-3,0,-3,-1,-3,-1,-4^,-1^,3^,-4,-1,3,-3,1,-3,-1,-3,-1,-3^,1^,-3,1,-4^,1^,-4,1
,-1
,1,0^,0,1,0^,0
,-1,1
,0,2,-1,1,-2,0,-3,-1,-3,-1,-3,-1,-3,0,-3^,0^,-3,0,-1,-3^,0^,-3,0
,-4^,-1^
,-4,-1
,8,15,7,14,7,14,6,13,6,13,6,13,6,13,10,17,10,17,10,17,7,14,7,14,7,14,6,13,7,14,7,14,7,14,8,15,8,15,7,14,6,13,6,13,6,13,10,17,10,17,10,17,7,14,7,14,7,14,6,13,7,14,7,14,7,14,8,15,8,15,7,14,6,13,6,13,6,13,10,17,10,17,10,17,7,14,7,14,7,14,6,13,7,14,7,14,7,14,8,15,8,15,6,13,7,14,7,14,7,14,8,15,7,14,8,15,7,14,8,15,6,13
,-1,1
,0,2,-1,1,-2,0,-3,-1,-3,-1,-3,-1,-3,0,-3^,0^,-3,0,-3,-1,-3,-1,-4^,-1^,3^,-4,-1,3,-3,1,-3,-1,-3,-1,-3^,1^,-3,1,-4^,1^,-4,1
,-1
,1,0^,0,1,0^,0
,-1,1
,0,2,-1,1,-2,0,-3,-1,-3,-1,-3,-1,-3,0,-3^,0^,-3,0,-3,-1,-3,-1,-4^,-1^,3^,-4,-1,3,-3,1,-3,-1,-3,-1,-3^,1^,-3,1,-4^,1^,-4,1
,-1
,1,0^,0,1,0^,0
,-1,1
,0,2,-1,1,-2,0,-3,-1,-3,-1,-3,-1,-3,0,-3^,0^,-3,0,-1,-3^,0^,-3,0
,-4^,-1^
,-4,-1
,-1,-4^,0^,-4,0
,-4^,-1^
,-4^,-1^,-4,-1
,6,10^,13^,10^,13^,10^,13^,10,13
,

Counter Treble1: 0,0,0,0,0,0,0,0,0,1,1,2,2,2,1,1,2,2,2,1,1,1,2,2,2,2,1,1,1,1,2,2,1,1,2,2,2,1,1,1,2,2,2,2,1,1,1,1,2,2,1,1,2,2,2,1,1,2,2,2,2,1,1,2,2,1,1,1,1,1,2,2,2,1,1,1,1,2,2,1,1,1,1,2,2,2,2,2,2,2,2,2,2,2,2,3,3,2,2,2,2,2,2,2,1,1,1,1,1,1,1,2,2,2,2,2,2,2,2,2,2,2,2,3,3,2,2,2,2,2,2,2,1,1,1,1,1,1,1,2,2,2,2,2,2,2,2,2,2,1,2,2,2,2,0,0,1,1,1,1,2,2,1,1,2,2,2,2,1,1,1,2,2,2,2,1,1,1,1,2,2,1,1,2,2,2,1,1,2,2,2,2,2,2,1,1,1,1,2,2,1,1,1,1,2,2,1,1,2,2,2,1,1,1,1,1,1,2,2,1,1,1,1,2,2,1,1,2,2,2,1,1,1,1,2,2,2,2,2,2,2,2,2,2,2,2,3,3,2,2,2,2,2,2,2,1,1,1,1,1,1,1,2,2,2,2,2,2,2,2,2,2,2,2,3,3,2,2,2,2,2,2,2,1,1,1,1,1,1,1,2,2,2,2,2,2,2,2,2,2,1,2,2,2,2,0,2,2,2,2,2,2,2,2,2,2,2,2,2,2,2,2,2,2,2,2,2,2,2,2,2,2,2,2,2,2,2,2,2,2,2,2,2,2,2,2,2,2,2,2,2,2,2,2,2,2,2,2,2,2,2,2,2,2,2,2,2,0,2,2,2,2,2,2,2,2,2,2,2,2,3,3,2,2,2,2,2,2,2,1,1,1,1,1,1,1,2,2,2,2,2,2,2,2,2,2,2,2,3,3,2,2,2,2,2,2,2,1,1,1,1,1,1,1,2,2,2,2,2,2,2,2,2,2,1,2,2,2,2,0,1,2,2,2,2,2,1,2,2,2,2,

Note Durations Bass1: 8,8,8,8,8,8,8,8,8,8,8,8,8,8,8,8,8,8,8,8,8,8,8,8,8,8,8,8,8,8,8,8,8,8,8,8,8,8,8,8,8,8,8,8,8,8,8,8,8,8,8,8,8,8,8,8,8,8,8,8,8,8,8,8,8,8,8,8,8,8,8,8,8,8,8,8,8,8,8,8,8,8,8,8,8,8,8,8,8,8,8,8,8,8,8,8,8,8,8,8,8,8,8,8,8,8,8,8,8,8,8,8,8,8,8,8,8,8,8,8,8,8,8,8,8,8,8,8,8,8,8,8,8,8,8,8,8,8,8,8,8,8,8,8,8,8,8,8,8,8,8,8,8,8,8,8,8,8,8,8,8,8,8,8,8,8,8,8,8,8,8,8,8,8,8,8,8,8,8,8,8,8,8,8,8,8,8,8,8,8,8,8,8,8,8,8,8,8,8,8,8,8,8,8,8,8,8,8,8,8,8,8,8,8,8,8,8,8,8,8,8,8,8,8,8,8,8,8,8,8,8,8,8,8,8,8,8,8,8,8,8,8,8,8,8,8,8,8,8,8,8,8,8,8,8,8,8,8,8,8,8,8,8,8,8,8,8,8,8,8,8,8,8,8,8,8,8,8,8,8,8,8,8,8,8,8,8,8,8,8,8,8,8,8,8,8,8,8,8,8,8,8,8,8,8,8,8,8,8,8,8,8,8,8,8,8,8,8,8,8,8,8,8,8,8,8,8,8,8,8,8,8,8,8,8,8,8,8,8,8,8,8,8,8,8,8,8,8,8,8,8,8,8,8,8,8,8,8,8,8,8,8,8,8,8,8,8,8,8,8,8,8,8,8,8,8,8,8,8,8,8,8,8,8,8,8,8,8,8,8,8,8,8,8,8,8,8,8,8,8,8,8,8,8,8,8,8,8,8,8,8,8,8,8,8,8,8,8,8,8,8,8,8,8,8,8,8,8,8,8,8,8,8,8,8,8,8,8,8,8,8,8,8,8,8,8,8,8,8,8,8,8,8,8,8,8,8,8,8,8,8,8,8,8,8,8,8,8,8,8,8,8,8,8,8,8,8,8,8,8,8,8,8,8,8,8,8,8,8,8,8,8,8,8,8,8,8,8,8,8,8,8,8,8,8,8,8,8,8,8,8,8,8,8,8,8,8,8,8,8,8,8,8,8,8,8,8,8,8,8,8,8,8,8,8,8,8,8,8,8,8,8,8,8,8,8,8,8,8,8,8,8,8,8,8,8,8,8,8,8,8,8,8,8,8,8,8,8,8,8,8,8,8,8,8,8,8,8,8,8,8,8,8,8,8,8,8,8,8,8,8,8,8,8,8,8,8,8,8,8,8,8,8,8,8,8,8,8,8,8,8,8,8,8,8,8,8,8,8,8,8,8,8,8,8,8,8,8,8,8,8,8,8,8,8,8,8,8,8,8,8,8,8,8,8,8,8,8,8,8,8,8,8,8,8,8,8,8,8,8,8,8,8,8,8,8,8,8,8,8,8,8,8,8,8,8,8,8,8,8,8,8,8,8,8,8,8,8,1,1,

Note Positions Bass1: 2,4,6,2,4,6,2,4,6,2,4,6,2,4,7,2,4,7,2,4,7,2,4,7,-3,1,4,8,1,4,8,1,4,8,1,4,8,-3,1,4,8,1,4,8,1,3,8,1,3,8,2,4,6,2,4,6,2,4,6,2,4,6,2,4,7,2,4,7,2,4,7,2,4,7,-3,1,4,8,1,4,8,1,4,8,1,4,8,-3,1,4,8,1,4,8,3
,1,3,2
,-1,2,-1,2,-1,2,2
,0,2,0,2,0,2,-3,4,1,4,1,4,1,4,-3,4,1,4,3
,1,3,2
,-1,2,-1,2,-1,2,2
,0,2,0,2,0,2,-3,4,1,4,1,4,1,4,-3,4,1,4,3
,1,3,2
,-1,2,-1,2,-1,2,2
,0,2,0,2,0,2,-3,4,1,4,1,4,1,4,-3,4,1,4,3
,1,3,2
,-1,2,-1,2,-1,2,2
,0,2,0,2,0,2,-3,4,1,4,1,4,1,4,-3,4,1,4,3
,1,3,-1
,2,4,6,4,2,4,-3
,0,2,4,2,0,2,-3,1,4,6,8,6,4,6,1
,3,5,8,5,3,5,-1
,2,4,6,4,2,4,-3
,0,2,4,2,0,2,-3,1,4,6,8,6,4,6,1
,3,5,8,5,3,5,-1
,2,4,6,4,2,4,-3
,0,2,4,2,0,2,-3,1,4,6,8,6,4,6,1
,3,5,8,5,3,1,2
,-1,2,-1,2,-1,2,2
,0,2,0,2,0,2,-3,4,1,4,1,4,1,4,-3,4,1,4,3
,1,3,2
,-1,2,-1,2,-1,2,2
,0,2,0,2,0,2,-3,4,1,4,1,4,1,4,-3,4,1,4,3
,1,3,2
,-1,2,-1,2,-1,2,2
,0,2,0,2,0,2,-3,4,1,4,1,4,1,4,-3,4,1,4,3
,1,3,2
,-1,2,-1,2,-1,2,2
,0,2,0,2,0,2,-3,4,1,4,1,4,1,4,-3,4,1,4,3
,1,3,-1
,2,4,6,4,2,4,-3
,0,2,4,2,0,2,-3,1,4,6,8,6,4,6,1
,3,5,8,5,3,5,-1
,2,4,6,4,2,4,-3
,0,2,4,2,0,2,-3,1,4,6,8,6,4,6,1
,3,5,8,5,3,5,-1
,2,4,6,4,2,4,-3
,0,2,4,2,0,2,-3,1,4,6,8,6,4,6,1
,3,5,8,5,3,1,2
,-1,2,-1,2,-1,2,2
,0,2,0,2,0,2,-3,4,1,4,1,4,1,4,-3,4,1,4,3
,1,3,2
,-1,2,-1,2,-1,2,2
,0,2,0,2,0,2,-3,4,1,4,1,4,1,4,-3,4,1,4,3
,1,3,-1
,2,4,6,4,2,4,-3
,0,2,4,2,0,2,-3,1,4,6,8,6,4,6,1
,3,5,8,5,3,5,-1
,2,4,6,4,2,4,-3
,0,2,4,2,0,2,-3,1,4,6,8,6,4,6,1
,3,5,8,5,3,5,-1
,2,4,6,4,2,4,-3
,0,2,4,2,0,2,-3,1,4,6,8,6,4,6,1
,3,5,8,5,3,5,-3,1,4,6,8,6,4,6,4,6,4,6,4,6,4,6,4
,

Counter Bass1: 1,2,1,2,1,2,1,2,1,2,1,2,1,2,1,2,2,2,1,2,1,2,1,2,2,2,1,2,1,2,1,2,1,2,1,2,1,2,1,2,1,2,1,2,1,2,1,2,2,2,1,2,1,2,1,2,2,2,1,2,0,1,1,1,0,1,1,1,1,1,1,1,0,1,1,1,1,1,1,1,1,1,1,1,1,1,1,1,1,1,1,1,0,1,1,1,0,1,1,1,1,1,1,1,0,1,1,1,1,1,1,1,1,1,1,1,1,1,1,1,1,1,1,1,0,1,1,1,0,1,1,1,1,1,1,1,0,1,1,1,1,1,1,1,1,1,1,1,1,1,1,1,1,1,1,1,0,1,1,1,0,1,1,1,1,1,1,1,0,1,1,1,1,1,1,1,1,1,1,1,1,1,1,1,1,1,1,1,0,1,1,1,0,1,1,1,1,1,1,1,0,1,1,1,1,1,1,1,1,1,1,1,1,1,1,1,0,1,1,1,1,1,1,1,0,1,1,1,1,1,1,1,0,1,1,1,1,1,1,1,1,1,1,1,1,1,1,1,0,1,1,1,1,1,1,1,0,1,1,1,1,1,1,1,0,1,1,1,1,1,1,1,1,1,1,1,1,1,1,1,0,1,1,1,1,1,1,1,0,1,1,1,1,1,1,1,0,1,1,1,1,1,1,1,1,1,1,1,1,1,1,1,1,1,1,1,0,1,1,1,0,1,1,1,1,1,1,1,0,1,1,1,1,1,1,1,1,1,1,1,1,1,1,1,1,1,1,1,0,1,1,1,0,1,1,1,1,1,1,1,0,1,1,1,1,1,1,1,1,1,1,1,1,1,1,1,1,1,1,1,0,1,1,1,0,1,1,1,1,1,1,1,0,1,1,1,1,1,1,1,1,1,1,1,1,1,1,1,1,1,1,1,0,1,1,1,0,1,1,1,1,1,1,1,0,1,1,1,1,1,1,1,1,1,1,1,1,1,1,1,0,1,1,1,1,1,1,1,0,1,1,1,1,1,1,1,0,1,1,1,1,1,1,1,1,1,1,1,1,1,1,1,0,1,1,1,1,1,1,1,0,1,1,1,1,1,1,1,0,1,1,1,1,1,1,1,1,1,1,1,1,1,1,1,0,1,1,1,1,1,1,1,0,1,1,1,1,1,1,1,0,1,1,1,1,1,1,1,1,1,1,1,1,1,1,1,1,1,1,1,0,1,1,1,0,1,1,1,1,1,1,1,0,1,1,1,1,1,1,1,1,1,1,1,1,1,1,1,1,1,1,1,0,1,1,1,0,1,1,1,1,1,1,1,0,1,1,1,1,1,1,1,1,1,1,1,1,1,1,1,0,1,1,1,1,1,1,1,0,1,1,1,1,1,1,1,0,1,1,1,1,1,1,1,1,1,1,1,1,1,1,1,0,1,1,1,1,1,1,1,0,1,1,1,1,1,1,1,0,1,1,1,1,1,1,1,1,1,1,1,1,1,1,1,0,1,1,1,1,1,1,1,1,1,1,1,1,1,1,1,1,1,1,1,1,1,1,1,1,0,

Note Durations Bass2: 1,1,1,2,2,1,1,1,2,4,4,4,12,4,12,1,2,4,4,4,12,4,12,1,2,4,4,4,12,4,12,1,2,4,4,4,12,4,12,1,2,4,4,4,12,4,12,1,4,12,4,12,4,12,1,4,12,4,12,4,12,1,4,12,4,12,4,12,1,2,4,4,4,12,4,12,1,2,4,4,4,12,4,12,1,2,4,4,4,12,4,12,1,2,4,4,4,12,4,12,1,4,12,4,12,4,12,1,4,12,4,12,4,12,1,4,12,4,12,4,12,1,2,4,4,4,12,4,12,1,2,4,4,4,12,4,12,1,4,12,4,12,4,12,1,4,12,4,12,4,12,1,4,12,1,1,1,1,

Note Positions Bass2: -5
,-7
,-4
,-5
,-7
,-4
,-5
,-7
,-4
,-5
,-7
,-4
,-5
,-7
,-4
,-5
,-7
,-4
,-5
,-7
,-4
,-5
,-7
,-4
,-5
,-7
,-4
,-5
,-7
,-4
,-5
,-7
,-4
,-5
,-7
,-4
,-5
,-7
,-4
,-5
,-7
,-4
,-5
,-7
,-4
,-5
,-7
,-4
,-5
,-7
,-4
,-5
,-7
,-4
,-5
,-7
,-4
,-5
,-7
,-4
,-5
,-7
,-4
,-10
!NoteWorthyComposer-End
,

Counter Bass2: 1,1,0,0,1,1,1,0,0,1,0,1,0,1,0,0,0,1,0,1,0,1,0,0,0,1,0,1,0,1,0,0,0,1,0,1,0,1,0,0,0,1,0,1,0,1,0,0,1,0,1,0,1,0,0,1,0,1,0,1,0,0,1,0,1,0,1,0,0,0,1,0,1,0,1,0,0,0,1,0,1,0,1,0,0,0,1,0,1,0,1,0,0,0,1,0,1,0,1,0,0,1,0,1,0,1,0,0,1,0,1,0,1,0,0,1,0,1,0,1,0,0,0,1,0,1,0,1,0,0,0,1,0,1,0,1,0,0,1,0,1,0,1,0,0,1,0,1,0,1,0,0,1,0,0,0,0,1,